{
 "cells": [
  {
   "cell_type": "code",
   "execution_count": 78,
   "metadata": {
    "scrolled": true
   },
   "outputs": [
    {
     "name": "stdout",
     "output_type": "stream",
     "text": [
      "[*********************100%%**********************]  2 of 2 completed\n"
     ]
    },
    {
     "name": "stderr",
     "output_type": "stream",
     "text": [
      "<ipython-input-78-1c28e351f82d>:45: FutureWarning: Passing 'suffixes' which cause duplicate columns {'Value_x'} in the result is deprecated and will raise a MergeError in a future version.\n",
      "  merged = pd.merge(merged, macro_indicators_df[indicator], left_index=True, right_index=True, how='left')\n",
      "<ipython-input-78-1c28e351f82d>:45: FutureWarning: Passing 'suffixes' which cause duplicate columns {'Value_x'} in the result is deprecated and will raise a MergeError in a future version.\n",
      "  merged = pd.merge(merged, macro_indicators_df[indicator], left_index=True, right_index=True, how='left')\n",
      "<ipython-input-78-1c28e351f82d>:45: FutureWarning: Passing 'suffixes' which cause duplicate columns {'Value_x'} in the result is deprecated and will raise a MergeError in a future version.\n",
      "  merged = pd.merge(merged, macro_indicators_df[indicator], left_index=True, right_index=True, how='left')\n"
     ]
    }
   ],
   "source": [
    "import quandl\n",
    "import pandas_datareader.data as web\n",
    "import datetime\n",
    "import yfinance as yf\n",
    "import pandas as pd\n",
    "from datetime import datetime\n",
    "import seaborn as sns\n",
    "import os\n",
    "import matplotlib as plt\n",
    "\n",
    "indices_data = yf.download('^GSPC ^VIX', start='1998-12-31', end='2023-11-01')\n",
    "liquidity = pd.DataFrame(indices_data['Volume']['^GSPC'])\n",
    "SP_500 = pd.DataFrame(indices_data['Close']['^GSPC'])\n",
    "volatility = pd.DataFrame(indices_data['Close']['^VIX'])\n",
    "\n",
    "sent_data = web.DataReader(['UMCSENT'], 'fred', datetime(1998, 12, 31), datetime(2023, 11, 13))\n",
    "\n",
    "quandl.ApiConfig.api_key = 'yC7JQzd6FsYXc_4F67ym'\n",
    "\n",
    "macro_indicators = {\n",
    "    '2_YR_Treasury': 'FRED/DGS2',\n",
    "    'Eff_Fed_Funds': 'FRED/DFF',\n",
    "    'Real_GDP': 'FRED/GDPC1',\n",
    "    'Core_CPI': 'FRED/CORESTICKM159SFRBATL',\n",
    "    'PCE': 'FRED/PCE',\n",
    "    'Unemployment': 'FRED/UNRATE',\n",
    "    'Savings_Rate': 'FRED/PSAVERT',\n",
    "    'Retail_Sales': 'FRED/RETAILMPCSMSA',\n",
    "    'Manufacturing_PMI': 'ISM/MAN_PMI'\n",
    "}\n",
    "\n",
    "macro_indicators_df = {}\n",
    "\n",
    "for indicator in macro_indicators:\n",
    "    quandl_code = macro_indicators[indicator]\n",
    "    data = quandl.get(quandl_code)\n",
    "    macro_indicators_df[indicator] = data\n",
    "\n",
    "macro_indicators_df['Consumer_Sent'] = sent_data\n",
    "macro_indicators_df['Liquidity'] = liquidity\n",
    "macro_indicators_df['Volatility'] = volatility\n",
    "macro_indicators_df['SP_500'] = SP_500\n",
    "\n",
    "merged = pd.DataFrame(index= pd.date_range(start=datetime(1998,12,31), end=datetime.now(), freq='D'))\n",
    "for indicator in macro_indicators_df.keys():\n",
    "    merged = pd.merge(merged, macro_indicators_df[indicator], left_index=True, right_index=True, how='left')\n",
    "\n",
    "merged.columns = list(macro_indicators_df.keys())\n",
    "for col in macro_indicators_df.keys():\n",
    "    merged[col] = merged[col].ffill()\n",
    "    merged[col+\"_pct_chng\"] = merged[col].pct_change(periods=365)\n",
    "\n",
    "merged = merged[merged.index>=datetime(1999,12,31)]\n",
    "    \n",
    "merged.to_csv(os.getcwd() + \"/macro_indicators.csv\")"
   ]
  },
  {
   "cell_type": "code",
   "execution_count": 68,
   "metadata": {
    "scrolled": true
   },
   "outputs": [
    {
     "data": {
      "text/html": [
       "<div>\n",
       "<style scoped>\n",
       "    .dataframe tbody tr th:only-of-type {\n",
       "        vertical-align: middle;\n",
       "    }\n",
       "\n",
       "    .dataframe tbody tr th {\n",
       "        vertical-align: top;\n",
       "    }\n",
       "\n",
       "    .dataframe thead th {\n",
       "        text-align: right;\n",
       "    }\n",
       "</style>\n",
       "<table border=\"1\" class=\"dataframe\">\n",
       "  <thead>\n",
       "    <tr style=\"text-align: right;\">\n",
       "      <th></th>\n",
       "      <th>2_YR_Treasury</th>\n",
       "      <th>Eff_Fed_Funds</th>\n",
       "      <th>Real_GDP</th>\n",
       "      <th>Core_CPI</th>\n",
       "      <th>PCE</th>\n",
       "      <th>Unemployment</th>\n",
       "      <th>Savings_Rate</th>\n",
       "      <th>Retail_Sales</th>\n",
       "      <th>Manufacturing_PMI</th>\n",
       "      <th>Consumer_Sent</th>\n",
       "      <th>Liquidity</th>\n",
       "      <th>Volatility</th>\n",
       "      <th>SP_500</th>\n",
       "    </tr>\n",
       "  </thead>\n",
       "  <tbody>\n",
       "    <tr>\n",
       "      <th>2_YR_Treasury</th>\n",
       "      <td>1.000000</td>\n",
       "      <td>0.958824</td>\n",
       "      <td>-0.609746</td>\n",
       "      <td>0.457399</td>\n",
       "      <td>-0.641285</td>\n",
       "      <td>-0.572556</td>\n",
       "      <td>-0.495530</td>\n",
       "      <td>-0.026162</td>\n",
       "      <td>-0.127801</td>\n",
       "      <td>0.442322</td>\n",
       "      <td>-0.569650</td>\n",
       "      <td>-0.048228</td>\n",
       "      <td>-0.189711</td>\n",
       "    </tr>\n",
       "    <tr>\n",
       "      <th>Eff_Fed_Funds</th>\n",
       "      <td>0.958824</td>\n",
       "      <td>1.000000</td>\n",
       "      <td>-0.533640</td>\n",
       "      <td>0.469427</td>\n",
       "      <td>-0.569343</td>\n",
       "      <td>-0.577563</td>\n",
       "      <td>-0.454029</td>\n",
       "      <td>-0.018977</td>\n",
       "      <td>-0.192033</td>\n",
       "      <td>0.500053</td>\n",
       "      <td>-0.552972</td>\n",
       "      <td>-0.055395</td>\n",
       "      <td>-0.274442</td>\n",
       "    </tr>\n",
       "    <tr>\n",
       "      <th>Real_GDP</th>\n",
       "      <td>-0.609746</td>\n",
       "      <td>-0.533640</td>\n",
       "      <td>1.000000</td>\n",
       "      <td>-0.192422</td>\n",
       "      <td>0.995536</td>\n",
       "      <td>0.009775</td>\n",
       "      <td>0.464188</td>\n",
       "      <td>-0.026657</td>\n",
       "      <td>0.324651</td>\n",
       "      <td>-0.133408</td>\n",
       "      <td>0.552869</td>\n",
       "      <td>-0.220847</td>\n",
       "      <td>0.866468</td>\n",
       "    </tr>\n",
       "    <tr>\n",
       "      <th>Core_CPI</th>\n",
       "      <td>0.457399</td>\n",
       "      <td>0.469427</td>\n",
       "      <td>-0.192422</td>\n",
       "      <td>1.000000</td>\n",
       "      <td>-0.188339</td>\n",
       "      <td>-0.602841</td>\n",
       "      <td>-0.222176</td>\n",
       "      <td>-0.132346</td>\n",
       "      <td>-0.435600</td>\n",
       "      <td>0.259626</td>\n",
       "      <td>-0.351867</td>\n",
       "      <td>-0.018862</td>\n",
       "      <td>0.073860</td>\n",
       "    </tr>\n",
       "    <tr>\n",
       "      <th>PCE</th>\n",
       "      <td>-0.641285</td>\n",
       "      <td>-0.569343</td>\n",
       "      <td>0.995536</td>\n",
       "      <td>-0.188339</td>\n",
       "      <td>1.000000</td>\n",
       "      <td>0.022959</td>\n",
       "      <td>0.542178</td>\n",
       "      <td>0.036925</td>\n",
       "      <td>0.309231</td>\n",
       "      <td>-0.175094</td>\n",
       "      <td>0.686629</td>\n",
       "      <td>-0.197205</td>\n",
       "      <td>0.849901</td>\n",
       "    </tr>\n",
       "    <tr>\n",
       "      <th>Unemployment</th>\n",
       "      <td>-0.572556</td>\n",
       "      <td>-0.577563</td>\n",
       "      <td>0.009775</td>\n",
       "      <td>-0.602841</td>\n",
       "      <td>0.022959</td>\n",
       "      <td>1.000000</td>\n",
       "      <td>0.383758</td>\n",
       "      <td>0.073627</td>\n",
       "      <td>-0.066554</td>\n",
       "      <td>-0.701481</td>\n",
       "      <td>0.472917</td>\n",
       "      <td>0.443982</td>\n",
       "      <td>-0.210266</td>\n",
       "    </tr>\n",
       "    <tr>\n",
       "      <th>Savings_Rate</th>\n",
       "      <td>-0.495530</td>\n",
       "      <td>-0.454029</td>\n",
       "      <td>0.464188</td>\n",
       "      <td>-0.222176</td>\n",
       "      <td>0.542178</td>\n",
       "      <td>0.383758</td>\n",
       "      <td>1.000000</td>\n",
       "      <td>0.140538</td>\n",
       "      <td>0.095367</td>\n",
       "      <td>-0.146389</td>\n",
       "      <td>0.417253</td>\n",
       "      <td>0.317607</td>\n",
       "      <td>0.539347</td>\n",
       "    </tr>\n",
       "    <tr>\n",
       "      <th>Retail_Sales</th>\n",
       "      <td>-0.026162</td>\n",
       "      <td>-0.018977</td>\n",
       "      <td>-0.026657</td>\n",
       "      <td>-0.132346</td>\n",
       "      <td>0.036925</td>\n",
       "      <td>0.073627</td>\n",
       "      <td>0.140538</td>\n",
       "      <td>1.000000</td>\n",
       "      <td>0.138968</td>\n",
       "      <td>0.045923</td>\n",
       "      <td>-0.072879</td>\n",
       "      <td>-0.118315</td>\n",
       "      <td>0.084439</td>\n",
       "    </tr>\n",
       "    <tr>\n",
       "      <th>Manufacturing_PMI</th>\n",
       "      <td>-0.127801</td>\n",
       "      <td>-0.192033</td>\n",
       "      <td>0.324651</td>\n",
       "      <td>-0.435600</td>\n",
       "      <td>0.309231</td>\n",
       "      <td>-0.066554</td>\n",
       "      <td>0.095367</td>\n",
       "      <td>0.138968</td>\n",
       "      <td>1.000000</td>\n",
       "      <td>0.201906</td>\n",
       "      <td>0.029504</td>\n",
       "      <td>-0.495280</td>\n",
       "      <td>0.390930</td>\n",
       "    </tr>\n",
       "    <tr>\n",
       "      <th>Consumer_Sent</th>\n",
       "      <td>0.442322</td>\n",
       "      <td>0.500053</td>\n",
       "      <td>-0.133408</td>\n",
       "      <td>0.259626</td>\n",
       "      <td>-0.175094</td>\n",
       "      <td>-0.701481</td>\n",
       "      <td>-0.146389</td>\n",
       "      <td>0.045923</td>\n",
       "      <td>0.201906</td>\n",
       "      <td>1.000000</td>\n",
       "      <td>-0.638417</td>\n",
       "      <td>-0.359522</td>\n",
       "      <td>-0.252550</td>\n",
       "    </tr>\n",
       "    <tr>\n",
       "      <th>Liquidity</th>\n",
       "      <td>-0.569650</td>\n",
       "      <td>-0.552972</td>\n",
       "      <td>0.552869</td>\n",
       "      <td>-0.351867</td>\n",
       "      <td>0.686629</td>\n",
       "      <td>0.472917</td>\n",
       "      <td>0.417253</td>\n",
       "      <td>-0.072879</td>\n",
       "      <td>0.029504</td>\n",
       "      <td>-0.638417</td>\n",
       "      <td>1.000000</td>\n",
       "      <td>0.299831</td>\n",
       "      <td>0.361046</td>\n",
       "    </tr>\n",
       "    <tr>\n",
       "      <th>Volatility</th>\n",
       "      <td>-0.048228</td>\n",
       "      <td>-0.055395</td>\n",
       "      <td>-0.220847</td>\n",
       "      <td>-0.018862</td>\n",
       "      <td>-0.197205</td>\n",
       "      <td>0.443982</td>\n",
       "      <td>0.317607</td>\n",
       "      <td>-0.118315</td>\n",
       "      <td>-0.495280</td>\n",
       "      <td>-0.359522</td>\n",
       "      <td>0.299831</td>\n",
       "      <td>1.000000</td>\n",
       "      <td>-0.147217</td>\n",
       "    </tr>\n",
       "    <tr>\n",
       "      <th>SP_500</th>\n",
       "      <td>-0.189711</td>\n",
       "      <td>-0.274442</td>\n",
       "      <td>0.866468</td>\n",
       "      <td>0.073860</td>\n",
       "      <td>0.849901</td>\n",
       "      <td>-0.210266</td>\n",
       "      <td>0.539347</td>\n",
       "      <td>0.084439</td>\n",
       "      <td>0.390930</td>\n",
       "      <td>-0.252550</td>\n",
       "      <td>0.361046</td>\n",
       "      <td>-0.147217</td>\n",
       "      <td>1.000000</td>\n",
       "    </tr>\n",
       "  </tbody>\n",
       "</table>\n",
       "</div>"
      ],
      "text/plain": [
       "                   2_YR_Treasury  Eff_Fed_Funds  Real_GDP  Core_CPI       PCE  \\\n",
       "2_YR_Treasury           1.000000       0.958824 -0.609746  0.457399 -0.641285   \n",
       "Eff_Fed_Funds           0.958824       1.000000 -0.533640  0.469427 -0.569343   \n",
       "Real_GDP               -0.609746      -0.533640  1.000000 -0.192422  0.995536   \n",
       "Core_CPI                0.457399       0.469427 -0.192422  1.000000 -0.188339   \n",
       "PCE                    -0.641285      -0.569343  0.995536 -0.188339  1.000000   \n",
       "Unemployment           -0.572556      -0.577563  0.009775 -0.602841  0.022959   \n",
       "Savings_Rate           -0.495530      -0.454029  0.464188 -0.222176  0.542178   \n",
       "Retail_Sales           -0.026162      -0.018977 -0.026657 -0.132346  0.036925   \n",
       "Manufacturing_PMI      -0.127801      -0.192033  0.324651 -0.435600  0.309231   \n",
       "Consumer_Sent           0.442322       0.500053 -0.133408  0.259626 -0.175094   \n",
       "Liquidity              -0.569650      -0.552972  0.552869 -0.351867  0.686629   \n",
       "Volatility             -0.048228      -0.055395 -0.220847 -0.018862 -0.197205   \n",
       "SP_500                 -0.189711      -0.274442  0.866468  0.073860  0.849901   \n",
       "\n",
       "                   Unemployment  Savings_Rate  Retail_Sales  \\\n",
       "2_YR_Treasury         -0.572556     -0.495530     -0.026162   \n",
       "Eff_Fed_Funds         -0.577563     -0.454029     -0.018977   \n",
       "Real_GDP               0.009775      0.464188     -0.026657   \n",
       "Core_CPI              -0.602841     -0.222176     -0.132346   \n",
       "PCE                    0.022959      0.542178      0.036925   \n",
       "Unemployment           1.000000      0.383758      0.073627   \n",
       "Savings_Rate           0.383758      1.000000      0.140538   \n",
       "Retail_Sales           0.073627      0.140538      1.000000   \n",
       "Manufacturing_PMI     -0.066554      0.095367      0.138968   \n",
       "Consumer_Sent         -0.701481     -0.146389      0.045923   \n",
       "Liquidity              0.472917      0.417253     -0.072879   \n",
       "Volatility             0.443982      0.317607     -0.118315   \n",
       "SP_500                -0.210266      0.539347      0.084439   \n",
       "\n",
       "                   Manufacturing_PMI  Consumer_Sent  Liquidity  Volatility  \\\n",
       "2_YR_Treasury              -0.127801       0.442322  -0.569650   -0.048228   \n",
       "Eff_Fed_Funds              -0.192033       0.500053  -0.552972   -0.055395   \n",
       "Real_GDP                    0.324651      -0.133408   0.552869   -0.220847   \n",
       "Core_CPI                   -0.435600       0.259626  -0.351867   -0.018862   \n",
       "PCE                         0.309231      -0.175094   0.686629   -0.197205   \n",
       "Unemployment               -0.066554      -0.701481   0.472917    0.443982   \n",
       "Savings_Rate                0.095367      -0.146389   0.417253    0.317607   \n",
       "Retail_Sales                0.138968       0.045923  -0.072879   -0.118315   \n",
       "Manufacturing_PMI           1.000000       0.201906   0.029504   -0.495280   \n",
       "Consumer_Sent               0.201906       1.000000  -0.638417   -0.359522   \n",
       "Liquidity                   0.029504      -0.638417   1.000000    0.299831   \n",
       "Volatility                 -0.495280      -0.359522   0.299831    1.000000   \n",
       "SP_500                      0.390930      -0.252550   0.361046   -0.147217   \n",
       "\n",
       "                     SP_500  \n",
       "2_YR_Treasury     -0.189711  \n",
       "Eff_Fed_Funds     -0.274442  \n",
       "Real_GDP           0.866468  \n",
       "Core_CPI           0.073860  \n",
       "PCE                0.849901  \n",
       "Unemployment      -0.210266  \n",
       "Savings_Rate       0.539347  \n",
       "Retail_Sales       0.084439  \n",
       "Manufacturing_PMI  0.390930  \n",
       "Consumer_Sent     -0.252550  \n",
       "Liquidity          0.361046  \n",
       "Volatility        -0.147217  \n",
       "SP_500             1.000000  "
      ]
     },
     "execution_count": 68,
     "metadata": {},
     "output_type": "execute_result"
    }
   ],
   "source": [
    "sns.heatmap(merged, annot=True, cmap='coolwarm', fmt=\".2f\")\n",
    "plt.title('Macroeconomic Indicator Heatmap')\n",
    "plt.show()"
   ]
  }
 ],
 "metadata": {
  "kernelspec": {
   "display_name": "Python 3 (ipykernel)",
   "language": "python",
   "name": "python3"
  },
  "language_info": {
   "codemirror_mode": {
    "name": "ipython",
    "version": 3
   },
   "file_extension": ".py",
   "mimetype": "text/x-python",
   "name": "python",
   "nbconvert_exporter": "python",
   "pygments_lexer": "ipython3",
   "version": "3.10.7"
  }
 },
 "nbformat": 4,
 "nbformat_minor": 4
}
