,2_YR_Treasury,Eff_Fed_Funds,Real_GDP_pct_chng,Core_CPI_pct_chng,PCE_pct_chng,Unemployment_pct_chng,Savings_Rate_pct_chng,Retail_Sales_pct_chng,Manufacturing_PMI_pct_chng,Consumer_Sent_pct_chng,Liquidity_pct_chng,Volatility_pct_chng,SP_500_pct_chng
2_YR_Treasury,1.0,0.9408093304424907,0.18021420701300522,0.07306947200298813,0.2213331118303382,-0.137945315374128,-0.18719913841167374,-0.06143984302511524,-0.21411163409488113,-0.12281342435506565,0.22204234165658204,-0.032796855802319204,-0.18221289155007353
Eff_Fed_Funds,0.9408093304424907,1.0,0.18766900479319662,0.05651051448070932,0.25619425625382475,-0.11428396847510111,-0.13651584424494684,-0.045500660356922976,-0.28071570224948245,-0.14080076386995305,0.2636919480151685,0.03468601395713429,-0.1312686203103898
Real_GDP_pct_chng,0.18021420701300522,0.18766900479319662,1.0,0.16113708409899913,0.8738524210864282,-0.7993367376067837,-0.6775966183442896,-0.13013283028883568,0.2277782436263057,0.28323502314461885,-0.22886077580942552,-0.4128481376424437,0.49781862202432553
Core_CPI_pct_chng,0.07306947200298813,0.05651051448070932,0.16113708409899913,1.0,0.21583086326195036,-0.2844821330027257,-0.17656540446274308,-0.05864451111240305,-0.41136436332666837,-0.24620174997491673,0.022449780197731632,0.0766728414818432,-0.07420238100073427
PCE_pct_chng,0.2213331118303382,0.25619425625382475,0.8738524210864282,0.21583086326195036,1.0,-0.6768879494750362,-0.6214432932865223,-0.07554941653928601,0.18639303113393216,0.12398734819652565,-0.1441869642320932,-0.36747959455340007,0.4403504651416801
Unemployment_pct_chng,-0.137945315374128,-0.11428396847510111,-0.7993367376067837,-0.2844821330027257,-0.6768879494750362,1.0,0.8002625943025797,0.1714176277105904,-0.006869427326128959,-0.2876788950861401,0.262656765334753,0.3907112232857958,-0.3093015938775605
Savings_Rate_pct_chng,-0.18719913841167374,-0.13651584424494684,-0.6775966183442896,-0.17656540446274308,-0.6214432932865223,0.8002625943025797,1.0,0.1334462161245294,-0.10846202064165969,-0.22603288770888522,0.23978724787105188,0.4444254648069978,-0.2733319381877659
Retail_Sales_pct_chng,-0.06143984302511524,-0.045500660356922976,-0.13013283028883568,-0.05864451111240305,-0.07554941653928601,0.1714176277105904,0.1334462161245294,1.0,0.02900732901893208,0.03526320186618787,-0.0021853193133705767,-0.03860237747361511,0.09443374608200908
Manufacturing_PMI_pct_chng,-0.21411163409488113,-0.28071570224948245,0.2277782436263057,-0.41136436332666837,0.18639303113393216,-0.006869427326128959,-0.10846202064165969,0.02900732901893208,1.0,0.3990156339020558,-0.2822762538179141,-0.35040913894327697,0.5118960131229806
Consumer_Sent_pct_chng,-0.12281342435506565,-0.14080076386995305,0.28323502314461885,-0.24620174997491673,0.12398734819652565,-0.2876788950861401,-0.22603288770888522,0.03526320186618787,0.3990156339020558,1.0,-0.34430943740109166,-0.5089882004945522,0.45723838813892004
Liquidity_pct_chng,0.22204234165658204,0.2636919480151685,-0.22886077580942552,0.022449780197731632,-0.1441869642320932,0.262656765334753,0.23978724787105188,-0.0021853193133705767,-0.2822762538179141,-0.34430943740109166,1.0,0.5080665215111689,-0.3672105624732124
Volatility_pct_chng,-0.032796855802319204,0.03468601395713429,-0.4128481376424437,0.0766728414818432,-0.36747959455340007,0.3907112232857958,0.4444254648069978,-0.03860237747361511,-0.35040913894327697,-0.5089882004945522,0.5080665215111689,1.0,-0.507720384860291
SP_500_pct_chng,-0.18221289155007353,-0.1312686203103898,0.49781862202432553,-0.07420238100073427,0.4403504651416801,-0.3093015938775605,-0.2733319381877659,0.09443374608200908,0.5118960131229806,0.45723838813892004,-0.3672105624732124,-0.507720384860291,1.0
